244

314
176
302
1027
236
1607
1609
1255
251
237
1431
298
360
294
405
382
108
265
395
1044
2226
307
1425
540
2052
348
2304
1946
2213
1411
1679
362
2806
908
229
1107
2449
247
416
201
1464
341
1211
451
1580
318
3562
5837
2158
358
4068
1414
1301
3167
8585
368
182
504
474
333
439
2695
375
453
285
510
327
1728
201
431
1295
1491
3953
362
1030
1410
676
951
207
927
5243
2251
4728
370
357
1498
270
395
310
342
1642
343
2144
3040
1430
755
1341
2420
707
4651
100
5264
331
1225
337
7106
2642
4687
1308
1053
665
989
